4990
4969
4956
4941
4931
4918
4872
4871
4836
4719
4661
4609
4598
4572
4567
4562
4545
4542
4532
4509
4494
4462
4372
4369
4342
4327
4326
4315
4314
4304
4275
4274
4269
4265
4252
4249
4238
4237
4219
4212
4202
4169
4162
4143
4096
4091
4073
4044
4026
4016
4010
3986
3985
3979
3970
3968
3941
3937
3922
3911
3892
3869
3850
3831
3795
3764
3745
3698
3696
3685
3666
3639
3604
3599
3591
3552
3513
3489
3474
3430
3416
3413
3404
3399
3377
3372
3333
3283
3234
3204
3201
3149
3141
3138
3131
3085
3074
3026
3008
3005
3001
2974
2963
2942
2929
2924
2870
2857
2817
2806
2766
2745
2738
2724
2648
2642
2637
2620
2618
2607
2600
2596
2572
2571
2507
2506
2480
2469
2439
2431
2426
2421
2408
2380
2370
2331
2330
2316
2297
2288
2203
2172
2163
2156
2152
2133
2110
2101
2097
2094
2048
2031
2015
1998
1970
1954
1940
1899
1851
1846
1790
1786
1758
1727
1708
1705
1684
1621
1605
1599
1585
1567
1566
1533
1522
1502
1484
1461
1444
1443
1437
1410
1408
1376
1317
1309
1280
1241
1235
1213
1183
1137
1105
1055
1051
1048
1045
1040
1017
1014
879
876
851
849
792
784
763
726
710
687
676
636
612
596
595
577
550
494
493
451
418
417
410
406
405
399
389
385
366
361
343
334
285
276
255
252
251
248
235
212
169
168
134
128
124
117
100
97
77
76